1e-07	3.48421077746e-12
1.1220184543e-07	4.06229152219e-12
1.25892541179e-07	4.73628418751e-12
1.41253754462e-07	5.52210194229e-12
1.58489319246e-07	6.4382981793e-12
1.77827941004e-07	7.50650456634e-12
1.99526231497e-07	8.75194177642e-12
2.23872113857e-07	1.02040149554e-11
2.51188643151e-07	1.18970079864e-11
2.81838293126e-07	1.38708929423e-11
3.16227766017e-07	1.61722738386e-11
3.54813389234e-07	1.88554869683e-11
3.98107170553e-07	2.19838837975e-11
4.46683592151e-07	2.56313267134e-11
5.01187233627e-07	2.98839329365e-11
5.6234132519e-07	3.48421077746e-11
6.3095734448e-07	4.06229152218e-11
7.07945784384e-07	4.73628418751e-11
7.94328234724e-07	5.52210194229e-11
8.91250938134e-07	6.4382981793e-11
1e-06	7.50650456634e-11
1.1220184543e-06	8.75194177642e-11
1.25892541179e-06	1.02040149554e-10
1.41253754462e-06	1.18970079864e-10
1.58489319246e-06	1.38708929423e-10
1.77827941004e-06	1.61722738386e-10
1.99526231497e-06	1.88554869683e-10
2.23872113857e-06	2.19838837975e-10
2.51188643151e-06	2.56313267134e-10
2.81838293126e-06	2.98839329365e-10
3.16227766017e-06	3.48421077746e-10
3.54813389234e-06	4.06229152218e-10
3.98107170553e-06	4.73628418751e-10
4.46683592151e-06	5.52210194229e-10
5.01187233627e-06	6.4382981793e-10
5.6234132519e-06	7.50650456634e-10
6.3095734448e-06	8.75194177642e-10
7.07945784384e-06	1.02040149554e-09
7.94328234724e-06	1.18970079864e-09
8.91250938134e-06	1.38708929423e-09
1e-05	1.61722738386e-09
1.1220184543e-05	1.88554869683e-09
1.25892541179e-05	2.19838837975e-09
1.41253754462e-05	2.56313267134e-09
1.58489319246e-05	2.98839329365e-09
1.77827941004e-05	3.48421077746e-09
1.99526231497e-05	4.06229152218e-09
2.23872113857e-05	4.73628418751e-09
2.51188643151e-05	5.52210194229e-09
2.81838293126e-05	6.4382981793e-09
3.16227766017e-05	7.50650456634e-09
3.54813389234e-05	8.75194177642e-09
3.98107170553e-05	1.02040149554e-08
4.46683592151e-05	1.18970079864e-08
5.01187233627e-05	1.38708929423e-08
5.6234132519e-05	1.61722738386e-08
6.3095734448e-05	1.88554869683e-08
7.07945784384e-05	2.19838837975e-08
7.94328234724e-05	2.56313267134e-08
8.91250938134e-05	2.98839329365e-08
0.0001	3.48421077746e-08
0.00011220184543	4.06229152218e-08
0.000125892541179	4.73628418751e-08
0.000141253754462	5.52210194229e-08
0.000158489319246	6.4382981793e-08
0.000177827941004	7.50650456634e-08
0.000199526231497	8.75194177642e-08
0.000223872113857	1.02040149554e-07
0.000251188643151	1.18970079864e-07
0.000281838293126	1.38708929423e-07
0.000316227766017	1.61722738386e-07
0.000354813389234	1.88554869683e-07
0.000398107170553	2.19838837975e-07
0.000446683592151	2.56313267134e-07
0.000501187233627	2.98839329365e-07
0.00056234132519	3.48421077746e-07
0.00063095734448	4.06229152218e-07
0.000707945784384	4.73628418751e-07
0.000794328234724	5.52210194229e-07
0.000891250938134	6.4382981793e-07
0.001	7.50650456634e-07
0.0011220184543	8.75194177642e-07
0.00125892541179	1.00668089651e-06
0.00141253754462	1.05894115507e-06
0.00158489319246	1.11391442292e-06
0.00177827941004	1.17174154169e-06
0.00199526231497	1.23257066455e-06
0.00223872113857	1.29655763584e-06
0.00251188643151	1.36386639031e-06
0.00281838293126	1.43466937311e-06
0.00316227766017	1.50914798163e-06
0.00354813389234	1.5874930302e-06
0.00398107170553	1.66990523898e-06
0.00446683592151	1.75659574823e-06
0.00501187233627	1.84778665919e-06
0.0056234132519	1.94371160315e-06
0.0063095734448	2.04461634001e-06
0.00707945784384	2.15075938789e-06
0.00794328234724	2.26241268549e-06
0.00891250938134	2.37986228878e-06
0.01	2.50340910387e-06
0.011220184543	2.63336965794e-06
0.0125892541179	2.77007691018e-06
0.0141253754462	2.91388110483e-06
0.0158489319246	3.06515066853e-06
0.0177827941004	3.22427315419e-06
0.0199526231497	3.39165623393e-06
0.0223872113857	3.56772874352e-06
0.0251188643151	3.75294178108e-06
0.0281838293126	3.94776986278e-06
0.0316227766017	4.15271213853e-06
0.0354813389234	4.36829367085e-06
0.0398107170553	4.59506678004e-06
0.0446683592151	4.83361245926e-06
0.0501187233627	5.08454186301e-06
0.056234132519	5.34849787291e-06
0.063095734448	5.62615674477e-06
0.0707945784384	5.91822984118e-06
0.0794328234724	6.22546545398e-06
0.0891250938134	6.54865072143e-06
0.1	6.88861364481e-06
0.11220184543	7.24622520982e-06
0.125892541179	7.62240161799e-06
0.141253754462	8.01810663403e-06
0.158489319246	8.434354055e-06
0.177827941004	8.87221030762e-06
0.199526231497	9.3327971805e-06
0.223872113857	9.81729469813e-06
0.251188643151	1.03269441442e-05
0.281838293126	1.08630512415e-05
0.316227766017	1.14269894977e-05
0.354813389234	1.18344331939e-05
0.398107170553	1.19362378028e-05
0.446683592151	1.20389181771e-05
0.501187233627	1.21424818507e-05
0.56234132519	1.22469364222e-05
0.63095734448	1.23522895557e-05
0.707945784384	1.24585489812e-05
0.794328234724	1.25657224952e-05
0.891250938134	1.26738179614e-05
1.0	1.27828433111e-05
1.1220184543	1.2892806544e-05
1.25892541179	1.30037157286e-05
1.41253754462	1.31155790029e-05
1.58489319246	1.3228404575e-05
1.77827941004	1.33422007237e-05
1.99526231497	1.34569757992e-05
2.23872113857	1.35727382235e-05
2.51188643151	1.36894964915e-05
2.81838293126	1.38072591711e-05
3.16227766017	1.39260349043e-05
3.54813389234	1.40458324077e-05
3.98107170553	1.41666604731e-05
4.46683592151	1.42885279683e-05
5.01187233627	1.44114438378e-05
5.6234132519	1.45354171037e-05
6.3095734448	1.46604568661e-05
7.07945784384	1.4786572304e-05
7.94328234724	1.49137726762e-05
8.91250938134	1.50420673223e-05
10.0	1.51714656628e-05
11.220184543	1.5301977201e-05
12.5892541179	1.54336115228e-05
14.1253754462	1.55663782988e-05
15.8489319246	1.57002872843e-05
17.7827941004	1.58353483209e-05
19.9526231497	1.59715713378e-05
22.3872113857	1.61089663521e-05
25.1188643151	1.62475434712e-05
28.1838293126	1.63873128934e-05
31.6227766017	1.65282849095e-05
35.4813389234	1.66704699048e-05
39.8107170553	1.68138783602e-05
44.6683592151	1.69585208547e-05
50.1187233627	1.71044080673e-05
56.234132519	1.72515507794e-05
63.095734448	1.73999598772e-05
70.7945784384	1.7549646355e-05
79.4328234724	1.77006213183e-05
89.1250938134	1.78528959874e-05
100.0	1.80064817018e-05
112.20184543	1.69033357668e-05
125.892541179	1.5747907547e-05
141.253754462	1.46714623929e-05
158.489319246	1.36686017769e-05
177.827941004	1.27342962656e-05
199.526231497	1.18638603018e-05
223.872113857	1.10529287132e-05
251.188643151	1.02974348279e-05
281.838293126	9.59359008931e-06
316.227766017	8.9378650679e-06
354.813389234	8.32697177389e-06
398.107170553	7.75784718378e-06
446.683592151	7.22763789779e-06
501.187233627	6.73368585196e-06
562.34132519	6.27351501365e-06
630.95734448	5.84481899454e-06
707.945784384	5.44544951952e-06
794.328234724	5.07340569472e-06
891.250938134	4.72682402163e-06
1000.0	4.40396910858e-06
1122.0184543	4.10322503427e-06
1258.92541179	3.82308732155e-06
1412.53754462	3.56215548326e-06
1584.89319246	3.31912610465e-06
1778.27941004	3.09278643032e-06
1995.26231497	2.88200842653e-06
2238.72113857	2.6857432923e-06
2511.88643151	2.50301639596e-06
2818.38293126	2.33292261628e-06
3162.27766017	2.17462207024e-06
3548.13389234	2.02733621242e-06
3981.07170553	1.89034429364e-06
4466.83592151	1.76298016979e-06
5011.87233627	1.64462945489e-06
5623.4132519	1.53472701553e-06
6309.5734448	1.43275480807e-06
7079.45784384	1.33824006326e-06
7943.28234724	1.25075382793e-06
8912.50938134	1.16990987779e-06
10000.0	1.09536402113e-06
11220.184543	1.02681381922e-06
12589.2541179	9.63998756093e-07
14125.3754462	9.06700898405e-07
15848.9319246	8.54746095187e-07
17782.7941004	8.08005777536e-07
19952.6231497	7.66399430441e-07
22387.2113857	7.29897822715e-07
25118.8643151	6.98527097024e-07
28183.8293126	6.72373840554e-07
31622.7766017	6.51591278376e-07
35481.3389234	6.36406756531e-07
39810.7170553	6.27130710929e-07
44668.3592151	6.24167351841e-07
50118.7233627	6.28027333111e-07
56234.132519	6.39342720873e-07
63095.734448	6.5888462978e-07
70794.5784384	6.87583956785e-07
79432.8234724	7.26555714638e-07
89125.0938134	7.77127551464e-07
100000.0	8.40873140765e-07
112201.84543	8.53345767755e-07
125892.541179	8.68597229882e-07
141253.754462	8.8662609629e-07
158489.319246	9.07440820605e-07
177827.941004	9.31059573335e-07
199526.231497	9.57510112094e-07
223872.113857	9.86829688447e-07
251188.643151	1.01906499031e-06
281838.293126	1.05427211896e-06
316227.766017	1.09251659999e-06
354813.389234	1.13387342734e-06
398107.170553	1.17842714023e-06
446683.592151	1.22627193226e-06
501187.233627	1.27751179272e-06
562341.32519	1.33226067973e-06
630957.34448	1.39064272539e-06
707945.784384	1.45279247284e-06
794328.234724	1.51885514559e-06
891250.938134	1.58898694936e-06
1000000.0	1.66335540682e-06
1122018.4543	1.74213972585e-06
1258925.41179	1.82553120183e-06
1412537.54462	1.91373365488e-06
1584893.19246	2.00696390269e-06
1778279.41004	2.10545227016e-06
1995262.31497	2.20944313662e-06
2238721.13857	2.31919552214e-06
2511886.43151	2.43498371395e-06
2818382.93126	2.55709793461e-06
3162277.66017	2.68584505327e-06
3548133.89234	2.82154934191e-06
3981071.70553	2.96455327808e-06
4466835.92151	3.11521839631e-06
5011872.33627	3.27392619006e-06
5623413.2519	3.44107906648e-06
6309573.4448	3.6171013563e-06
7079457.84384	3.80244038136e-06
7943282.34724	3.99756758231e-06
8912509.38134	4.20297970942e-06
10000000.0	4.41920007937e-06
11220184.543	4.64677990122e-06
12589254.1179	4.8862996748e-06
14125375.4462	5.1383706651e-06
15848931.9246	5.40363645641e-06
17782794.1004	5.68277459002e-06
19952623.1497	5.97649828968e-06
22387211.3857	6.28555827923e-06
25118864.3151	6.61074469696e-06
28183829.3126	6.95288911151e-06
31622776.6017	7.31286664454e-06
35481338.9234	7.69159820553e-06
39810717.0553	8.09005284435e-06
44668359.2151	8.50925022762e-06
50118723.3627	8.95026324525e-06
56234132.519	9.41422075365e-06
63095734.448	9.90231046277e-06
70794578.4384	1.04157819743e-05
79432823.4724	1.09559499785e-05
89125093.8134	1.15241976187e-05
100000000.0	1.21219800306e-05
112201845.43	1.22660319293e-05
125892541.179	1.23712837218e-05
141253754.462	1.24774590883e-05
158489319.246	1.25845647328e-05
177827941.004	1.26926075016e-05
199526231.497	1.28015943791e-05
223872113.857	1.29115324834e-05
251188643.151	1.30224290624e-05
281838293.126	1.31342914903e-05
316227766.017	1.32471272642e-05
354813389.234	1.33609440013e-05
398107170.553	1.34757494357e-05
446683592.151	1.35915514166e-05
501187233.627	1.37083579053e-05
562341325.19	1.38261769733e-05
630957344.48	1.39450168008e-05
707945784.384	1.40648856744e-05
794328234.724	1.41857919857e-05
891250938.134	1.43077442302e-05
1000000000.0	1.44307510057e-05
1122018454.3	1.45548210112e-05
1258925411.79	1.46799630462e-05
1412537544.62	1.48061860094e-05
1584893192.46	1.49334988982e-05
1778279410.04	1.50619108082e-05
1995262314.97	1.5191430932e-05
2238721138.57	1.53220685596e-05
2511886431.51	1.54538330772e-05
2818382931.26	1.55867339675e-05
3162277660.17	1.57207808091e-05
3548133892.34	1.58559832765e-05
3981071705.53	1.59923511398e-05
4466835921.51	1.61298942652e-05
5011872336.27	1.62686226143e-05
5623413251.9	1.64085462447e-05
6309573444.8	1.654967531e-05
7079457843.84	1.66920200597e-05
7943282347.24	1.68355908401e-05
8912509381.34	1.69803980937e-05
10000000000.0	1.71264523602e-05
11220184543.0	1.72737642766e-05
12589254117.9	1.74223445774e-05
14125375446.2	1.75722040955e-05
15848931924.6	1.7723353762e-05
17782794100.4	1.78758046073e-05
19952623149.7	1.80295677611e-05
22387211385.7	1.81846544535e-05
25118864315.1	1.8341076015e-05
28183829312.6	1.71187446128e-05
31622776601.7	1.59485282509e-05
35481338923.4	1.48573668996e-05
39810717055.3	1.38395852772e-05
44668359215.1	1.28898304297e-05
50118723362.7	1.20030364314e-05
56234132519.0	1.11743901062e-05
63095734448.0	1.03992982956e-05
70794578438.4	9.67335769168e-06
79432823472.4	8.99232894102e-06
89125093813.4	8.35211763746e-06
100000000000.0	7.74876595454e-06
112201845430.0	7.17845992309e-06
125892541179.0	6.63755849995e-06
141253754462.0	6.12265111354e-06
158489319246.0	5.63064950464e-06
177827941004.0	5.15891626311e-06
199526231497.0	4.70542520679e-06
223872113857.0	4.26893679855e-06
251188643151.0	3.84915581128e-06
281838293126.0	3.44682204546e-06
316227766017.0	3.06367567386e-06
354813389234.0	2.70224733309e-06
398107170553.0	2.36545847594e-06
446683592151.0	2.05607945955e-06
501187233627.0	1.7761647687e-06
562341325190.0	1.5266342737e-06
630957344480.0	1.307158935e-06
707945784384.0	1.11641019314e-06
794328234724.0	9.52537909698e-07
891250938134.0	8.13504461261e-07
1e+12	6.96834723709e-07
1.1220184543e+12	6.3051143417e-07
1.25892541179e+12	5.60061951651e-07
1.41253754462e+12	4.95136736943e-07
1.58489319246e+12	4.35507758337e-07
1.77827941004e+12	3.80953592309e-07
1.99526231497e+12	3.31253661523e-07
2.23872113857e+12	2.86182867599e-07
2.51188643151e+12	2.45507016567e-07
2.81838293126e+12	2.08979504623e-07
3.16227766017e+12	1.76339790721e-07
3.54813389234e+12	1.47314234429e-07
3.98107170553e+12	1.21619928122e-07
4.46683592151e+12	9.89721947887e-08
5.01187233627e+12	7.90963935451e-08
5.6234132519e+12	6.17443693116e-08
6.3095734448e+12	4.6714816794e-08
7.07945784384e+12	3.38741354302e-08
7.94328234724e+12	2.31690623678e-08
8.91250938134e+12	1.4614938424e-08
1e+13	8.23950884514e-09
1.1220184543e+13	3.97634573232e-09
1.25892541179e+13	1.54973800958e-09
1.41253754462e+13	4.52038896261e-10
1.58489319246e+13	9.03449439193e-11
1.77827941004e+13	1.23703253973e-11
1.99526231497e+13	2.63012284797e-12
2.23872113857e+13	1.91299325082e-12
2.51188643151e+13	1.76908390027e-12
2.81838293126e+13	1.64805134313e-12
3.16227766017e+13	1.53539695892e-12
3.54813389234e+13	1.43044339278e-12
3.98107170553e+13	1.33266403076e-12
4.46683592151e+13	1.24156847298e-12
5.01187233627e+13	1.15669984147e-12
5.6234132519e+13	1.07763248856e-12
6.3095734448e+13	1.00396986216e-12
7.07945784384e+13	9.3534251688e-13
7.94328234724e+13	8.71406261143e-13
8.91250938134e+13	8.11840430917e-13
